39.9739782299	
24.8199278508	
23.9257443147	
22.6821576428	
21.7491582215	
17.4374382728	
11.8283428871	
6.56829384937	
4.61300814094	
2.27439056168	
1.72448528008	
1.05392209488	
0.778350269672	
0.778350269672	
0.778350269672	
0.778350269672	
0.778350269672	
0.778350269672	
0.778350269672	
0.778350269672	
0.778350269672	
0.778350269672	
0.778350269672	
0.778350269672	
0.778350269672	
0.778350269672	
0.778350269672	
0.778350269672	
0.778350269672	
0.778350269672	
0.778350269672	
0.778350269672	
0.778350269672	
0.778350269672	
0.778350269672	
