11
19.89292112
[19.54173392959081, 20.244108316404894]
43.68825537
[42.46962355975947, 44.90688717231784]
21.27521773
[19.503472054716514, 23.04696341008415]
40.81919272
[35.049139693977466, 46.58924575105584]
18007.84751
[17854.14548864986, 18161.549522660003]

12
24.21901848
[23.777714117530937, 24.66032283372544]
53.95837399
[52.71361332528988, 55.20313466132422]
24.21830844
[22.664826032012346, 25.771790842344988]
54.97398818
[49.13602879186544, 60.811947560575234]
18026.03008
[17881.092837188746, 18170.967324758898]

13
29.98015822
[29.181826631651088, 30.778489813435467]
67.33751927
[64.7272014224166, 69.94783711532075]
31.53641779
[28.64214012977148, 34.430695455204535]
84.33429893
[73.62127498141862, 95.047322882461]
18020.80846
[17874.96279447357, 18166.654123049026]

14
38.37285054
[37.11744018055597, 39.62826089384078]
89.23297086
[84.60934194313559, 93.85659977241626]
36.9736502
[34.388592820892356, 39.55870757081922]
106.4913128
[96.15497749608146, 116.82764812164437]
18011.14907
[17856.636453021365, 18165.661684580915]

15
51.84119377
[48.76109034553431, 54.92129720394888]
133.1579901
[120.15901879876364, 146.1569614585123]
52.69767283
[46.820664002429226, 58.57468165331608]
166.4551108
[144.65435404611335, 188.2558676070453]
18099.09702
[17952.471973340453, 18245.72205917059]

16
79.30979282
[68.54959616709209, 90.06998947183351]
228.1659178
[183.36647676723382, 272.96535882164335]
79.66779108
[66.54227689738647, 92.79330525807794]
270.1101628
[221.7168824664614, 318.5034431986914]
18149.88032
[17981.12117434739, 18318.63946397377]

17
137.5931114
[122.58384326669656, 152.60237957426776]
425.1883215
[366.67144773704246, 483.70519526682546]
130.7713786
[114.12281419179568, 147.41994303333138]
456.8894259
[392.8141752434306, 520.964676468745]
18159.55246
[18009.441390758486, 18309.66352039148]