1
143.5907195
[134.67201744493116, 152.50942155311446]
471.5488875
[437.6101523069293, 505.4876226046439]
144.8477556
[135.8178923967085, 153.877618872121]
480.125395
[445.02681346104055, 515.2239764554392]
18248.76164
[18092.873802921804, 18404.649476583425]

3
77.77173158
[67.20959037656237, 88.33387278894375]
234.7735536
[197.62416022377724, 271.92294705511273]
78.55407213
[67.44878064586692, 89.65936361115138]
262.8980775
[224.08787077501214, 301.70828426363454]
18129.09874
[17967.800421101954, 18290.397056248457]

5
79.30979282
[68.54959616709209, 90.06998947183351]
228.1659178
[183.36647676723382, 272.96535882164335]
79.66779108
[66.54227689738647, 92.79330525807794]
270.1101628
[221.7168824664614, 318.5034431986914]
18149.88032
[17981.12117434739, 18318.63946397377]

7
78.41847273
[71.44822970034012, 85.38871575508846]
206.5416031
[178.966229463403, 234.11697665567516]
70.55928977
[60.67515287301427, 80.44342666639241]
227.0749684
[190.97881672923947, 263.17112012380244]
18113.10013
[17966.542719963873, 18259.657532628502]

9
73.85823785
[68.28463105863683, 79.4318446402351]
179.0848913
[161.83390540614832, 196.33587715803063]
56.25364083
[48.48331399412494, 64.02396766106388]
166.2870209
[139.06422837117927, 193.50981349917734]
18134.37913
[17986.270074984346, 18282.488181729288]

11
75.9617542
[69.33495740215497, 82.58855100333815]
192.0191226
[170.08581887435145, 213.95242638814324]
52.80166731
[42.20613375170007, 63.39720087060747]
144.4530666
[109.5580656029365, 179.34806750830893]
18110.91843
[17963.083953906134, 18258.752915027013]