1.93849033941
0.39713811907
0.476671620466
0.223762699811
0.132043816954
0.171199414645
0.0741157281111
0.0626757066698
0.100029860272
0.208262098616
1.88996152688
1.92584292186
0.135163367109
0.132984079855
0.0697371997168
0.042643061743
0.151722894596
0.177625774465
0.123915023967
0.178386777816
0.241428088822
2.09963050143
1.69096245065
0.601829854597
0.0900723387989
0.265327992727
0.329548143659
0.186373164785
0.0580756890567
0.210294861128
0.139653988781
0.314676934952
2.2207704121
2.24472749028
0.0570635860542
0.150945232358
0.0715938495432
0.0911162703558
0.106261199348
0.123716582291
0.0310193703727
0.14176088591
0.0725009459391
2.42926904076
2.2640494192
0.339873396408
0.0762178326326
0.106429694092
0.0820912353458
0.0967752893079
0.0874731549122
0.14132400363
0.744718452364
0.668684094224
2.51787630186
2.56269543846
0.0713229305105
0.110219155376
0.113306195099
0.188280287293
0.123005658792
0.108991453042
0.213161245035
0.127514263543
0.0639212999069
2.78747331969
2.86418412839
0.0829605916717
0.115354970314
0.214318998659
0.248703329218
0.109618299699
0.257836649156
0.320401324283
0.0878762334812
0.117854584432
2.95167892664
2.97334051404
0.317997072453
0.294853526956
0.0927442020149
0.0565463751439
0.129226811511
0.109918337904
0.0564411659041
0.135879889242
0.135022589479
2.96894085193
2.96723619636
0.133404644831
0.0582279427127
0.112052325504
0.0609481232229
0.11453493678
0.0636853915271
0.0814981286893
0.0397283918368
0.119953932902
3.26709559313
3.11030141215
5.68033440289
0.0589133106277
0.0420989249103
0.0452741109301
0.0588721851741
0.152477356066
0.0805988823942
0.22486288019
0.245334541589
3.52558986842
0.64717975798
3.85778010295
0.0654660739627
0.057024560445
0.100832632469
0.118578001202
0.0816034950173
0.0593599380894
0.0655652322112
0.0665156399031
0.158576985801
3.51241560814
3.5939225063
0.103199779803
0.219256885354
0.245622933027
0.0500245469171
0.0670820207376
0.0453630142468
0.0856195352592
0.0355357845196
0.0506076198863
3.83473222055
3.79482263104
0.0257365655064
0.114622218742
0.0517036527477
0.422920526294
0.582285196774
0.0786011813417
0.107503183042
0.102141052989
0.075915113257
3.758335589
3.91190203801
0.0850373588227
0.0466080120049
0.0605852461066
0.0351542533302
0.0908484487553
0.0442383947552
0.0812759859778
0.104395003705
0.183266103952
3.95827110769
4.02102123153
0.129283928631
0.0649541470485
0.0638385754602
0.177553152224
0.219465700359
0.107887369739
0.0687337051266
0.0912724889894
5.0459689327
9.2346650904
4.22650296237
5.12184530864
0.0973012241544
0.0871603618329
0.0634475381818
0.0527526915133
0.2693415886
0.25232541184
0.109836244607
0.0669673700937
8.76832313074
8.78883433119
0.300529808023
0.193625069245
0.0871784970049
0.112123900929
0.744638990481
0.733214449936
0.244083991694
0.0823982215425
0.112084958234
9.05446779839
9.03343873085
1.22878182537
0.110859259135
0.294248033654
0.192399074476
0.398008641124
0.111883721193
0.0437437817155
0.0347239492648
0.0594381676888
8.98244580396
9.05446741631
0.10594141724
0.106130769488
0.0474207422293
0.0844537523521
0.105912502351
0.0525480626628
0.158220558327
0.338435150637
0.117584640967
9.050814973
9.12034875304
0.0974985728844
0.0741166284428
0.0930581819528
0.0799989558154
0.0824645132818
0.605295908452
0.166910109351
0.239494180559
0.155332292241
9.00324526254
0.795024781673
9.66201393845
0.0455331566792
0.155205356292
0.166349155022
0.094832181287
0.0530641869783
0.0578680526699
0.0630790546636
0.0605181973359
0.186449823281
9.35168856828
9.26049027414
0.0784990466127
0.20392306714
0.0817956149337
0.0544363645361
0.101567938193
0.0640146349824
0.0730368666881
0.0497421864777
0.0521578274671
9.38857988148
9.37019784916
0.0917537362798
1.30900787345
1.3075778138
0.109159208915
0.218577097213
0.187381078268
0.0312194188238
0.0727391226763
0.0637886647266
9.43425814994
9.34782453401
0.0798316433199
0.411499932443
0.0340674118239
0.0526663385034
0.130552024386
0.145902381605
0.0693907478307
0.0726777946575
0.1215849344
9.31693728843
9.23229166244
0.171921984427
0.219925209586
0.170719224369
0.310467697435
0.120480963704
0.0998163343578
0.0525153569253
0.113154117674
0.0283825358393
9.56398617987
9.57785995155
0.0987006018815
0.173780569699
0.0627017087534
0.0865976497309
0.0936670968025
0.21127270283
0.0887722212605
0.201113087419
0.252944975828
9.76668639062
10.7793578306
1.16643237431
0.145603601356
1.05267525425
0.619258143288
0.527272298249
0.445507417027
0.389151708987
0.386787107506
0.0861372778656
10.9703991036
11.0363041821
0.695248277191
0.613601878812
0.102075874971
0.502741775328
0.240589454479
0.0836256239129
0.595056536787
0.394484727567
0.661715580503
11.035514864
11.0804225948
0.394946026527
0.28326680582
0.0906864555361
0.219565457624
0.122548214634
0.162285402665
0.10029504114
0.0760229423761
0.0523579083945
11.1651903118
11.107106759
0.0597892932304
0.11158351604
0.0611597833624
0.100372735386
0.0454604594046
0.0526487383103
0.188478098843
0.204010285895
0.156213044002
11.3239664599
1.07368081207
12.080077597
0.155903084134
0.648170952037
0.407044634672
0.23621101127
24.6108755366
0.514962060212
0.0948815959897
0.221892631152
0.162317683111
16.0415639135
16.2048300562
0.139177264652
0.460993276502
0.116692863587
0.15263804733
0.583112742769
0.152102436916
0.219269374176
0.391830985539
24.3869118806
11.3716616889
11.3949176156
0.109585267221
0.0801957478594
0.0866156739156
0.140572468266
0.315397674775
0.182536832255
0.0785702780442
0.176853531029
0.0597873909382
11.4895990093
11.4988018971
0.189689407193
0.0404797188735
0.160358927319
0.0513618339561
0.0430093461878
0.0560570110688
0.0707676844528
0.12752530552
0.116955051162
11.6282663927
11.7206710477
0.16277667866
0.0818079938459
0.0424277189192
0.0582172999826
0.150566421386
0.0947441295996
0.128365646257
0.280129715676
0.232644182524
11.8044815246
11.9052706502
0.1137675348
0.242531716764
0.25905142375
0.135465783046
0.0697752603002
0.220330298672
0.233799907831
0.0302382481992
0.132293331262
12.0323864874
12.0343374389
0.081574815064
0.0456852787758
0.0631249607398
0.17240343022
0.136618052192
0.0957096706568
0.0842244639266
0.070504047834
0.109168730652
11.9573908018
11.9424941714
0.112802059807
0.0743351658725
0.157546549901
0.118162177543
0.186252330064
0.199420412185
0.0651618560567
0.0623294507902
0.143006923105
12.0505110919
12.1102788331
0.100801703178
0.147470310887
0.0846925682847
0.102985042317
0.118248149747
0.112527769963
0.114893558529
0.102403765825
0.0988913480098
12.2697491146
12.247287412
0.0618848234245
0.133565368097
0.154039467262
0.0730578086324
0.153778356
0.342339031389
0.147748820679
0.20995905913
0.0624064767024
12.3259641967
1.37157196409
13.4773555147
0.0485068236505
0.0715808051344
0.147051361021
0.073154876593
0.0974436083715
0.165009987528
0.249290536958
0.100056421267
0.199828975829
12.4112733926
12.4547830596
0.0730940085491
0.102820430667
0.0407620453537
0.137788915569
0.306795555342
0.277242074167
0.0682906504915
0.0845605016924
0.0544106209169
12.4994712646
12.4558673297
0.0743879285712
0.088419565911
0.0625119560558
0.0797573615486
0.0533893924313
0.105322718043
0.101575422835
0.0331228150998
0.16573620919
12.5264746561
12.5713047589
0.175293986679
0.0421964971888
0.477879000832
0.526044558183
0.0421576142108
0.135994784986
0.226870476055
0.0918269972184
0.122322291677
12.8251071687
12.6590397425
0.207865399254
0.124213505231
0.0684294761623
0.0847742668924
0.0417700726405
0.103086829437
0.111490374277
1.00102408928
1.0199635248
12.8458424518
12.9178994913
0.0502039168042
0.132128507895
0.0697370068452
0.0767264491022
0.0639390300794
0.103127336463
0.0862898469871
0.0905688555281
0.113815052092
12.9106419769
12.8774781726
0.104529653811
0.0966709086605
0.0892813200828
0.113428463303
0.0959749255813
0.0820803244846
0.0736420418342
0.0867434683091
0.22329159359
12.8766187305
12.9798460336
0.119806764096
0.0933597568371
0.093835538208
0.0885607168966
0.178309342808
0.0779156068896
0.0348915671655
0.0591080045949
0.0751447538105
13.0683844649
13.0985754268
0.112782830535
0.126233875184
0.199243488963
0.0679431491167
0.0517866211284
0.0701894029664
0.110224238617
0.0815848460885
14.4242674518
2.96028012982
13.2698507277
0.119545338958
0.0814038785982
0.11018551754
0.0976847222598
0.128272793522
0.0655880158208
0.0801034011032
0.0948637412724
0.10117413268
13.2435186585
1.38077545445
14.3192831268
0.130884310716
0.102638910285
0.159045769501
0.118451544618
0.0457833003965
0.167399035415
0.153937172805
0.123307898617
0.105329110351
13.4948344059
13.5040815641
0.236753456078
0.231938773282
0.125344464109
0.107477036878
0.0932479359672
0.0799819972254
0.0790673653229
0.0556669642364
0.122071723635
13.6144732794
13.6052943995
14.1356579156
14.1792349897
0.109038177714
0.113480898838
0.146072534422
0.260605107504
0.262324426249
0.0553297369302
0.0877965243367
13.8557692264
13.8741486459
0.042463537582
0.116116854144
0.142975943381
0.147679855985
0.110627613963
0.0617786363463
0.050325065068
27.9349742882
27.9347699992
13.9473502719
3.32468124414
15.4941831133
0.0819103053741
0.0929266168537
0.113363513926
0.109170666475
0.09866234295
0.105479558525
0.126113760195
0.138708638608
13.9664604512
13.9423193634
0.202828466683
0.0553829585122
0.115544775344
0.134513391808
0.152089373307
0.204566425011
0.11062849791
0.162893384574
0.0524016286554
14.3703978896
14.4045442123
0.147479910163
0.108483742806
0.129367320018
0.122232541364
0.256660194782
0.117966103495
0.133517401915
0.115048063967
0.177717792715
14.3481023081
14.4604378219
0.103478518028
0.0518835926909
0.0951267149055
0.0580459438295
0.0598881572702
0.115920558644
0.0821816323672
0.273108872577
0.105369569254
14.6007721431
14.601127211
0.0985329585006
0.237017446458
0.15373640368
0.181113582879
0.117614915945
0.0668244998461
0.260951332725
0.121569042501
0.100257272225
14.8498856614
14.9704823606
0.185605406638
0.798266047456
11.850581854
1.24796952975
12.3152659648
16.3064087877
16.3246793055
0.204950706833
0.129937900737
15.097416434
1.18810049998
16.051996873
0.173571035125
0.312645985523
0.152890938272
0.414989017807
0.245881079777
0.181948335033
22.5980034705
4.69851640007
0.252970415215
7.27510215257
7.25425028285
0.141335184533
2.93873729847
0.196250182627
0.206044595854
0.299003946108
0.22431715982
0.0820979946777
0.251141918054
0.31217988636
4.40817292875
4.18291891941
0.0945955843298
0.0916984671217
0.188774234693
0.0476608306447
0.199397055171
0.0514296803126
0.256662416176
0.090191454311
0.149738577295
3.9657487913
4.09310840872
4.1898887102
15.5750199945
15.5843692705
0.112837132023
0.0556081396622
0.114171837924
0.131256850535
0.0722032426405
0.183435831003
1.38104675666
1.40638818845
0.213438429802
0.106016190362
0.211665265203
0.146118763007
0.11917604542
0.105982381822
0.318298541023
0.247771804687
0.307084745641
1.54883673572
1.53044454782
0.158725451759
0.0332000763564
0.0908206818511
0.04424174312
0.096909951801
0.186192582217
0.304199770188
0.297474614056
0.731747218248
1.73120038436
