24.0921109321
14.6476765997
9.38736953766
12.1337893584
14.0382664564
16.1776305116
19.2600952567
4.01558789191
10.7247898545
2.35741151919
12.1971833755
24.7148992458
16.5013664888
3.72035427333
9.64631844441
2.65721221181
14.9006861629
9.27711592634
1.59682790357
6.3966595313
12.2808274783
6.11773636119
4.99929089587
3.30715671716
6.08104955013
6.07820960505
1.18911142062
19.7191546344
12.35803081
11.6407610367
1.29251214481
5.34320279649
3.59622709693
11.0654205849
13.8930339816
10.1242812453
13.917339679
10.1076005913
11.8520418857
25.8716599734
25.3590824992
4.26470172713
9.62070131798
5.81664254062
11.2562419433
11.12020848
17.8646908554
15.9052327266
4.0502876761
11.6015495587
7.67727736812
13.2525540323
12.3644274044
12.7049685393
12.8908441354
14.4455152944
13.2246677239
6.03756080991
2.45543915491
3.23084462733
10.6831114287
4.31421833052
1.20237955367
4.90788838809
9.61142340259
25.2562360401
16.7023639948
6.12562915913
15.9704824172
1.10241781275
11.424615721
12.5318072725
6.19960526311
25.038048712
16.0716263657
12.8325830031
25.7463614192
25.2127872074
3.57366538448
6.82451335728
5.59356058621
26.653595315
3.1236093134
26.5038466705
4.32100332076
5.54082632909
7.76606814486
12.6045607487
12.0015356881
25.5703510053
13.1000598855
16.545791723
12.2976225724
4.2583307215
6.30728334744
2.54338186555
17.8848151911
21.2803885784
7.74950717804
2.40290218621
8.2220672454
9.1631704774
6.09384670817
19.5444205263
21.8008574802
6.64324205811
9.6569060731
5.11238058165
6.3000934472
1.57167166227
14.1725524616
8.68248008719
3.0422806113
20.8441209943
2.21707266764
3.80612820229
7.4703463194
15.8344346954
16.1054878407
10.2326278218
13.434879318
11.8060441002
5.37319080546
11.4081553393
25.854526576
11.9882971897
20.8078627146
9.68679652413
9.61078826429
4.27368861343
4.47527382505
21.6932006652
9.62548705664
16.1072468312
5.1966187082
2.91082876964
4.4313212992
10.790973725
21.1775040854
31.5807909736
4.92802319133
5.32690112961
2.6219909662
22.915460647
22.6690099414
22.6690099414
18.7273648452
9.17696466925
3.64096035512
1.49633871029
4.3048038489
4.50336930879
19.2854752326
17.4695185664
10.7992248932
16.293811312
8.66763193294
3.41281240728
5.75176598213
21.1068448025
13.1367994555
27.9858464661
4.29717791002
5.44866061909
4.09097402439
13.4398359399
20.9500850349
13.0511851426
15.4364576721
21.6992745392
8.61161840631
7.57534374651
6.1009190359
3.62650681719
29.974246405
4.77168835284
21.6087989743
10.62333344
4.37271198037
7.77106846491
5.7763291771
4.67406399047
15.2366438416
17.4041934348
1.72113037326
1.96094724497
5.26451529016
7.84926998707
8.30393923929
19.2306321828
8.76135761055
16.3188356099
2.86148214564
4.69438689345
26.469854898
13.1367994555
3.12817689889
22.1426701317
10.6367652683
12.9363647698
3.33897183507
4.56294881839
6.57948034024
17.0022071173
8.35493921655
21.1439426894
3.97336069113
4.74833118429
3.03547654176
38.7291034593
28.2360208971
24.1187371043
6.79256254502
22.0109553554
5.7256600474
5.4530269272
2.87445850412
11.4978445281
6.67916696395
14.5203063474
15.5678650666
15.7064958977
6.01248067451
11.7078357262
8.06030087969
6.28675923452
10.5157338396
25.2322481397
0.0
10.3409314005
19.3831473153
10.0688167184
17.2456025333
16.7751728344
4.19190986445
18.6259226523
12.3823822822
14.6824705489
21.0511085657
3.21729233763
2.79601255131
3.8687943225
30.2881860048
25.2750489756
10.3191218019
9.57094599814
11.9692460484
12.6869431767
8.12583678499
6.35341481569
26.1911434814
24.3849658406
14.1552110312
7.34726677199
9.73275132507
7.31077437638
14.0073270386
4.59810138353
10.6862960044
5.57696233996
10.9881325871
2.76093137482
6.06629359291
10.1533307927
10.5634735105
4.69414151659
15.4204808132
19.9323738174
9.30440098021
2.9908723446
6.34728757218
9.64869615926
16.5270627245
2.83459127479
18.1386257108
7.37669255262
21.5271148425
19.0571800081
5.517512409
2.90347063485
20.625212339
17.3577643303
9.40777961396
4.64581752868
5.39256934453
2.99002145252
6.58712735063
9.48847152741
19.1585546627
8.59175500699
20.1100863657
2.62038295716
10.6954485474
7.79459291776
22.8156563547
18.8814163069
6.06171819694
2.96220125296
19.3117237067
21.6366198219
10.4197760631
15.9528597781
12.5084444792
11.4464045706
4.000559314
4.01571675487
10.9717314303
10.9699922769
19.2602480987
2.48812750548
15.41653241
32.7936359022
8.51809279815
4.69630303755
4.85291330222
5.40058625125
19.2881538919
0.681272514261
22.2828987964
3.0835038584
20.6923221095
20.3557832271
4.91445026702
7.39248205963
21.927796233
9.73570798601
17.3498884015
3.56389704587
2.66789743101
8.69363097781
7.43705937097
31.2304621541
23.8813200136
19.5669999405
10.3409314005
-63.557898112
4.53322698569
3.7879552494
2.81159191978
4.68717179863
22.6301944294
2.61710175633
22.7733390192
45.3115497889
28.2690721741
2.61623292319
7.49950834261
6.04606058759
27.9346179101
29.4699035547
5.63140350709
4.93105779298
8.11841762987
8.12871568354
24.2681607874
1.36558587773
1.78516814802
23.9918809692
5.09022773997
3.32593800746
3.62594602079
5.15873347186
23.1408833002
23.1385538972
7.73553399662
16.856175923
17.808121348
12.4256083606
5.70601513027
28.0745386281
22.8418095336
15.4657271466
11.3358457582
4.11346244216
8.41053952829
6.42782462102
19.8432506697
15.2463678863
10.3409314005
24.6968767766
6.33637813154
6.00904287471
6.40517601568
5.22271338343
3.9072426489
0.0
0.0
28.0377262193
22.6088220291
13.9096376448
15.7975378976
14.1837348476
13.1795163647
10.3409314005
32.8173528741
6.66789651382
3.05770006217
2.38100935193
29.3062022746
2.44983792451e-16
15.8357132105
19.6258980746
6.61470459007
9.88596674944
6.55427914816
9.49610314799
21.5159925379
19.8542500965
9.42734989629
4.76750973112
8.65631320248
13.8512718709
11.2081419153
18.7760508875
4.88189147775
21.2415370742
7.79425412695
6.31865346284
5.49095759132
5.87907547374
22.0623243763
7.30847717009
6.79852454021
8.53345569139
12.8860979498
3.10116089274
4.83261133274
2.17934623588
25.8612520279
27.5495383099
4.17030246043
12.4658391023
8.05675957485
7.68025940329
6.20685880315
3.53789086467
4.53474137643
4.20520152583
2.88138779217
3.04801275907
2.94340217646
26.4961224521
16.9806743615
13.8702750456
9.00994592679
11.9441519263
21.5571068194
9.78275840064
3.14348369959
17.2624628122
0.0
15.3415465758
4.2999966021
7.93550198329
14.4662584372
12.5470412885
14.0677712365
15.1543122196
14.6824705489
22.9420701986
10.0752830349
7.13915706564
12.7185537852
5.62092555513
15.7754897476
15.1984703927
6.00747954047
20.3672779189
18.7382051399
2.59216219634
6.74156196464
18.4057004518
17.7492785708
5.5824302458
17.4876080455
2.8571923111
12.5423443641
26.4868649673
16.0288286837
11.128010126
14.5537915633
15.6380497849
6.5701755532
17.7132250222
16.5805753933
14.2905499188
20.1120640042
14.695285839
5.21462192728
20.450967093
18.1717265704
8.1563399504
6.43606392117
19.8518490653
2.68337060444
18.8491565897
4.74235209283
6.49297445433
7.75106219839
21.3930399417
19.2008717915
19.2008717915
24.2883911041
12.6211658288
14.2548180178
4.92143371194
5.12319162589
20.0837478642
14.7021684084
40.097193528
3.33316591137
12.2434829707
13.9629531002
4.82193430118
12.1276799209
20.6074580776
21.3603807284
6.71387219368
4.63790542703
7.93117454899
11.6924996692
17.3633444366
13.487053294
3.48036239388
22.7540292862
9.08863406146
6.22183240184
7.41177266705
22.0636982741
25.2026901176
11.3590170019
-55.5402599158
4.16089274328
32.3230632698
20.8217312898
7.67852645321
8.23900503628
23.1180582482
3.53423769621
23.420445551
3.25501177378
2.00067537276
4.65950773022
8.32545871822
12.3701172435
12.1094602915
1.63444482353
47.7101311642
8.60940481783
5.90489751892
5.08664481533
8.0882234242
18.7350326423
18.6319337758
22.4018477829
25.3410887241
11.643450358
15.4474283128
5.71137984955
5.87552183039
7.00035168166
30.2968864814
11.3617592135
23.5072103211
4.17538942232
4.79697042878
4.7683018665
24.7874852711
20.152680977
29.8416850581
11.9882971897
25.9322243202
1.82952586881
2.22325216958
5.05373546897
2.25332545846
-1.4558493837
2.87706943822
3.21455465622
21.9247544698
3.00974990469
6.3755499527
0.0730095678236
16.1128930939
8.53036430554
3.50982952548
24.8962719254
3.92863921882
8.23186660002
20.2885539774
23.1033984761
8.87812841581
24.6302012191
11.8577563295
22.1251035383
5.69859477863
8.0719217785
9.70638965314
10.1795922892
28.6367076861
22.9310612268
15.505827994
22.4169703076
10.5070290944
12.2049984833
18.7841993086
10.8736561483
24.4189267574
8.09829267387e-16
17.9063514783
12.2714183444
12.5063918051
11.9683791909
5.93588861557
15.6066290609
5.64923288957
3.49529083503
18.9907068916
13.6744501878
9.41715144009
17.8543621747
19.3578741719
13.1246785444
13.095973055
22.8417104028
10.1402790278
3.45239389313
15.0906602952
3.83576495295
16.2150383162
10.3411494269
8.53409185229
5.33847557189
9.93991195413
7.8901865185
14.7685344252
11.923243398
19.5963211922
9.64120886195
11.8079565946
15.8280214268
14.661134733
22.1211760033
6.4937207385
5.74825719356
14.4868580616
10.0961286051
9.80727653031
8.09058443512
13.3812894573
15.08414823
20.5969639271
13.8847443709
5.95240092883
8.06601699482
18.2225932047
28.0822928053
3.8093448234
10.0465731256
5.37335680043
14.5413419842
7.80421882738
12.2393498191
17.9747819932
9.87975882032
19.2454871607
9.90735502364
12.7488335392
6.18216618209
8.93819264321
2.36155658107
10.2907578771
4.3497766886
16.6346123862
1.50965074469e-15
17.4207836759
13.0499631598
18.4444572409
15.9570599417
16.5233456826
17.506399868
4.46245426031
1.93316122429
9.14550186533
6.42878328324
12.8406628998
15.0292375764
25.9288412353
24.3221437899
3.11628667887
17.507672056
12.614165213
11.4976500741
1.66098968616
13.6409169344
12.3823822822
11.5069597249
12.0715049232
12.3475705863
9.0119741203
2.45875197011
3.18220303137
15.7898085611
18.399833469
0.0
10.3409314005
8.09829267387e-16
8.09829267387e-16
0.0
2.44983792451e-16
10.3409314005
17.0062044047
22.9310612268
0.0
8.09829267387e-16
12.9614316463
0.0
2.3534578903
13.7460382362
16.0716263657
16.0716263657
8.09829267387e-16
23.3523978045
10.7148060798
11.7692109284
10.2709105737
11.1031460566
13.1418272726
21.4274752627
17.6690984485
6.49931752488
13.5023969903
9.40926344009
8.93193400278
15.718497981
13.9793418488
3.1236093134
11.3590170019
15.7732313099
14.0829943055
14.0680516174
8.27487016153
2.10453052612
3.86010776976
5.90006898144
1.60956519831
4.46816005248
12.4002031987
2.8607279515
7.10696223017
