19.9911086402
4.93067914009
1.14238635871
1.45408128294
0.97066148718
4.69674969155
16.7427589264
3.70998765439
6.88018656006
11.3817468899
16.0072076465
11.0274883281
3.72370740681
3.58646361166
2.2771737168
3.22382649635
2.02932891167
2.1858818638
4.60261090086
3.62067238024
4.52604776489
5.7773273453
8.62982586255
6.1877557192
2.29682531253
1.63617488616
2.70683729418
5.57328644966
11.1403796602
4.48966978331
15.7919319581
6.74962325608
3.83481464475
2.46521524586
13.859710296
12.2048815916
7.71835961452
